Mixture	Astrocyte	Endothelial	Microglia	Excitatory	Inhibitory	Oligo	P-value	Correlation	RMSE
Microgl.f.1_PAG	0.231963293582179	0.120450543875621	0	0.166818448022661	0.306394105841496	0.174373608678043	0.2	0.03829583281732	1.0856218804644
Microgl.f.P1_SC	0.245033880089102	0.091782605452521	0.0719780948885671	0.137349475190453	0.110333269530728	0.34352267484863	0.13	0.0621433727104996	1.1644522357657
Microgl.f.P1_SS	0.181191053485327	0.0877717050537693	0	0.641420863701101	0	0.0896163777598031	0.39	0.0150472810507052	1.06643975083412
Microgl.f.13_PAG	0.302353285354837	0.0389926307875847	0	0.175951055323457	0.327487793778701	0.155215234755421	0.16	0.0441327059740626	1.08782388654777
Microgl.f.P13_SC	0.238257285461472	0.192589788957037	0.0143572767641123	0.236640954383012	0.0235248629097569	0.294629831524609	0.1	0.073544900821999	1.13351250488931
Microgl.f.P13_SS	0.149094580717881	0.0453256963465655	0	0.805579722935553	0	0	0.41	0.0113942499192332	1.05662598914593
Microgl.f.14_PAG	0.304807933691379	0.0547525486641395	0	0.336214723975263	0.149929373179343	0.154295420489875	0.2	0.038005399683361	1.09414260068343
Microgl.f.P14_SC	0.196149964802934	0.187993263320764	0.0649201642446392	0.215446564260022	0.0313155786234103	0.304174464748231	0.1	0.0728708574207395	1.13829720465039
Microgl.f.P14_SS	0.13341722127848	0.116576216103558	0.0375975034325137	0.668571421395496	0	0.0438376377899523	0.4	0.0134031476007794	1.05687315553958
Microgl.f.P15_SC	0.187671935066648	0.112929805121497	0.0871872451858133	0.22403376328918	0.039937415472359	0.348239835864503	0.09	0.074777995993355	1.15485429785442
Microgl.f.P15_SS	0.132747610392197	0.0250596682127883	0.0146553484111388	0.727093885909115	0	0.100443487074761	0.43	0.00782042021641792	1.06111955410287
Microgl.f.P2_SC	0.251173746569022	0.203204482260777	0.0222348613510208	0.164449083894107	0.065104942516863	0.293832883408211	0.12	0.0649611181615496	1.14335094001732
Microgl.f.P2_SS	0.953612002590828	0	0	0.0463879974091721	0	0	0	0.573504705908259	0.925580200504647
Microgl.f.3_PAG	0.283275755529423	0.0780073795026684	0.024461219675517	0.116949168218848	0.26296995503695	0.234336522036593	0.27	0.0318569779428636	1.12208544479532
Microgl.f.P3_SC	0.262575482302396	0.143678037682326	0.0267627710211914	0.108879790108851	0.109325060504095	0.348778858381141	0.11	0.0685118438469765	1.16632006435598
Microgl.f.P3_SS	0.120685128046104	0	0.122854261173198	0.559345133621925	0	0.197115477158774	0.4	0.0137237542870077	1.0958684741232
Microgl.f.A_PAG	0.937599409946557	0	0	0.0319083869951274	0	0.0304922030583161	0	0.400713902248441	1.08889079352019
Microgl.f.E_PAG	0.248838946051269	0.144769595696311	0.0359351780651509	0.341891262933841	0.0152817309500993	0.213283286303328	0.16	0.0418570108583214	1.11226532582515
Astrocytes.m.13_PAG	0.981684804549076	0	0	0.00236512066570224	0	0.0159500747852213	0	0.613856739769585	0.892697665685825
Astrocytes.m.13_SC	0.9212329569036	0	0	0.0114411669155067	0	0.0673258761808929	0	0.615549257450993	0.866825631753891
Astrocytes.m.13_SS	0.97811547880455	0	0	0.02188452119545	0	0	0	0.615382842398428	0.889476117060832
Astrocytes.m.14_PAG	0.9808305524159	0	0	0.00362045049107872	0	0.0155489970930211	0	0.606555000356502	0.900705082942816
Astrocytes.m.14_SC	0.926886799871106	0	0	0.0189512088244617	0	0.054161991304432	0	0.61927092050409	0.864273960269867
Astrocytes.m.14_SS	0.982684985323222	0	0	0.017315014676778	0	0	0	0.61472402606787	0.892254045291474
Astrocytes.m.15_PAG	0.970850325243361	0	0	0.00723519295361741	0	0.0219144818030213	0	0.612635693544512	0.889369287295319
Astrocytes.m.15_SC	0.905243553946118	0	0	0.014178325161299	0	0.0805781208925827	0	0.611621060349538	0.86576870160929
Astrocytes.m.15_SS	0.976419705162427	0	0	0.0235802948375728	0	0	0	0.609378215038126	0.895636175089256
Astrocytes.m.1_PAG	0.97273057186863	0	0	0.00689886280236367	0	0.0203705653290068	0	0.584103259205963	0.922355726022554
Astrocytes.m.1_SC	0.921681710759506	0.0108276908877962	0	0	0	0.0674905983526978	0	0.612327046357296	0.87154394873614
Astrocytes.m.1_SS	0.95709788135721	0	0	0.0429021186427904	0	0	0	0.558774037454133	0.942991608965389
Astrocytes.m.2_PAG	0.965862876583887	0	0	0	0	0.0341371234161126	0	0.628537827524996	0.868973531905715
Astrocytes.m.2_SC	0.943322157068156	0	0	0	0	0.0566778429318443	0	0.628833356222007	0.85997360303181
Astrocytes.m.2_SS	0.966065972362559	0	0	0.0339340276374406	0	0	0	0.597804795430218	0.904216525241636
Astrocytes.m.3_PAG	0.979355622577707	0	0	0.00492300944080782	0	0.015721367981485	0	0.594005426405607	0.91427296377893
Astrocytes.m.3_SC	0.943024265401515	0	0	0	0	0.0569757345984855	0	0.642415731399981	0.843988329436606
Astrocytes.m.3_SS	0.947264233935849	0	0	0.039351291021761	0	0.0133844750423898	0	0.61221569943898	0.879807930073045
Astrocytes.f.13_PAG	0.973782017545568	0	0	0.00243601225876593	0	0.0237819701956665	0	0.634669192126548	0.86498391105419
Astrocytes.f.13_SC	0.926157644038192	0	0	0	0	0.0738423559618084	0	0.643034281235792	0.837491146336838
Astrocytes.f.13_SS	0.972936563581585	0	0	0.0270634364184156	0	0	0	0.603397202668535	0.900919811808761
Astrocytes.f.14_PAG	0.966808773633883	0	0	0	0	0.0331912263661166	0	0.629693963007307	0.868003396065365
Astrocytes.f.14_SC	0.915220586347964	0	0	0	0	0.0847794136520357	0	0.593987775638061	0.889402684892143
Astrocytes.f.14_SS	0.978070745565267	0	0	0.0216661864847663	0	0.000263067949966514	0	0.608237090136016	0.897667859142368
Astrocytes.f.15_PAG	0.956571549338889	0	0	0	0.019638518006913	0.0237899326541977	0	0.63726780676591	0.854499825142485
Astrocytes.f.15_SC	0.90497618950004	0.00232139641451688	0	0	0	0.0927024140854427	0	0.61410298153484	0.863907797955003
Astrocytes.f.15_SS	0.94597665513304	0	0	0.0527668296833828	0	0.00125651518357705	0	0.604496130670598	0.888086552348979
Astrocytes.f.1_PAG	0.978986019443971	0	0	0	0	0.0210139805560294	0	0.622211144681437	0.881837324209343
Astrocytes.f.1_SC	0.928208686973356	0	0	0	0	0.0717913130266438	0	0.575264694296475	0.914237741324148
Astrocytes.f.1_SS	0.971021815430607	0	0	0.0289781845693933	0	0	0	0.5818444932886	0.924194843822559
Astrocytes.f.2_PAG	0.978586933275744	0	0	0	0	0.0214130667242563	0	0.614401821166088	0.890720540567295
Astrocytes.f.2_SC	0.920549055737187	0	0	0	0	0.0794509442628134	0	0.581469707423556	0.904824733264781
Astrocytes.f.2_SS	0.973470658374761	0	0	0.0265293416252387	0	0	0	0.599722380892564	0.905317414748833
Astrocytes.f.3_PAG	0.98128560701576	0	0	0	0	0.01871439298424	0	0.639997631624706	0.861830034099278
Astrocytes.f.3_SC	0.928598053321889	0	0	0	0	0.0714019466781112	0	0.577525575454509	0.911943558964862
Astrocytes.f.3_SS	0.966528505447043	0	0	0.0207994980296329	0	0.0126719965233236	0	0.600350906778284	0.901435202315272
Inputs.13_SCa	0.277863751974125	0.0272001462846096	0	0.220286718729027	0.179706457205874	0.294942925806364	0	0.543120990060724	0.840501136098542
Inputs.13_SCb	0.264281983686799	0.0283586775998977	0	0.226342977770954	0.199177777745325	0.281838583197024	0	0.544681008106034	0.838790068439451
Inputs.13_SCc	0.280058332988729	0.017629695873519	0	0.239569609646009	0.182619804386262	0.28012255710548	0	0.521110050235485	0.854691920297152
Inputs.13_SSa	0.130132922867579	0.00360987397416156	0	0.819560632465301	0	0.0466965706929585	0	0.464280044442703	0.897244411021371
Inputs.13_SSb	0.128703898624352	0.0120637971634267	0	0.819415913314163	0	0.0398163908980586	0	0.464325704527308	0.897525768552423
Inputs.13_SSc	0.116758238253667	0.0104061538897312	0	0.82526227577119	0	0.0475733320854117	0	0.470172380200097	0.895913032782396
Inputs.14_SCa	0.258579316172588	0.00967541604559939	0	0.255106364259039	0.190290366178655	0.286348537344118	0	0.552053307990181	0.833866275644446
Inputs.14_SCb	0.27984307925478	0.0109621730255506	0	0.253174735926607	0.201132005538177	0.254888006254886	0	0.530199000882484	0.847997845756712
Inputs.14_SCc	0.269157960349754	0.0208844031871753	0	0.244807246635504	0.180096962125326	0.285053427702241	0	0.536560257801757	0.844379585968166
Inputs.14_SSa	0.127105401707003	0.00720338269968284	0	0.828281906957179	0	0.0374093086361346	0	0.462983142653307	0.898220098958776
Inputs.14_SSb	0.142109146442962	0.00871848602550628	0	0.814265703069845	0	0.0349066644616865	0	0.465173666216537	0.896402318561367
Inputs.14_SSc	0.105435941545129	0.0201545038480426	0	0.797072011831926	0	0.0773375427749031	0	0.470163508307657	0.895024491115723
Inputs.15_SCa	0.27089186025076	0.0227810969754806	0	0.219736983653966	0.190182379772669	0.296407679347124	0	0.556827358893215	0.830859418630941
Inputs.15_SCb	0.266213301291407	0.0224335539517183	0	0.241441556931723	0.172815012468074	0.297096575357078	0	0.563671553361053	0.826045488819784
Inputs.15_SCc	0.295231562914193	0.0140319734406514	0	0.250382113844332	0.149681562361377	0.290672787439447	0	0.532318464759061	0.848147960470873
Inputs.15_SSa	0.136020816158408	0.0112664771787295	0	0.815663784424523	0	0.0370489222383396	0	0.462953240781675	0.897612815106171
Inputs.15_SSb	0.1436645397603	0.00429107711643641	0	0.81895262723684	0	0.0330917558864233	0	0.455052038740664	0.900210335275724
Inputs.15_SSc	0.128519953688169	0.00397460023950843	0	0.799792266472415	0	0.0677131795999076	0	0.472214113052163	0.893394542585768
Inputs.1_PAGa	0.205666985621136	0.000696388296902339	0	0.215713069694957	0.427643261941817	0.150280294445188	0	0.512485189486726	0.867070117356624
Inputs.1_PAGb	0.203298169995528	0.00541944975812839	0	0.230447241816359	0.39487219456769	0.165962943862296	0	0.518332024019519	0.862665774239089
Inputs.1_PAGc	0.186367342674206	0	0	0.251507677420567	0.378152575391043	0.183972404514184	0	0.524585952510901	0.858866888887862
Inputs.1_SCa	0.282559532450081	0.0203454318735387	0	0.232073148668222	0.165103643393802	0.299918243614357	0	0.525508889519065	0.85312551429826
Inputs.1_SCb	0.259377345638415	0.0185842985200642	0	0.255761489898798	0.175358038621595	0.290918827321128	0	0.535491300189107	0.845155384632402
Inputs.1_SCc	0.269225776493879	0.0115759973397676	0	0.244689025357943	0.210288730282151	0.264220470526259	0	0.541051650653981	0.841053409691177
Inputs.1_SSa	0.12539386691288	0.0152899871627157	0	0.776459442667267	0	0.0828567032571373	0	0.451137846056929	0.900758326300714
Inputs.1_SSb	0.115360851508365	0.018194569764731	0	0.786959038379341	0	0.0794855403475632	0	0.467258376560888	0.895366764930997
Inputs.1_SSc	0.13772694302577	0.0080921114527928	0	0.806385292185707	0	0.0477956533357301	0	0.468535964044458	0.895044509033703
Inputs.2_PAGa	0.197317340132968	0.00447956579202859	0	0.161851856626302	0.441822123280572	0.194529114168129	0	0.509771689180404	0.864571137320708
Inputs.2_PAGb	0.215459110344951	0.00172688166658202	0	0.204423417326933	0.411593927402486	0.166796663259048	0	0.49193066484845	0.874637561474459
Inputs.2_SCa	0.268167106526604	0.017581324394288	0	0.23819701105102	0.204546388633937	0.271508169394151	0	0.522693769348482	0.853038553076976
Inputs.2_SCb	0.268343395785834	0.0165450386157911	0	0.254595677414601	0.162818862251928	0.297697025931845	0	0.553247894839483	0.833362540414763
Inputs.2_SCc	0.253462259145389	0.0193600174742272	0	0.251223471198203	0.190177213963373	0.285777038218809	0	0.507483216084277	0.863276907347131
Inputs.2_SSa	0.119342326628912	0.0181375450346764	0	0.780132248192536	0	0.0823878801438758	0	0.463360328802259	0.896421639480724
Inputs.2_SSb	0.134969588653958	0.00247260396133505	0	0.809196283861578	0.00709682311529979	0.0462647004078292	0	0.472093900621228	0.894061233984158
Inputs.2_SSc	0.113271735927519	0.00360047831655525	0	0.825734187566052	0	0.0573935981898735	0	0.464298966394153	0.897920828044104
Inputs.3_PAGa	0.2078584789655	0.00971644329756256	0	0.316755412520031	0.331223354561465	0.134446310655443	0	0.546147506928457	0.852460349691986
Inputs.3_PAGc	0.18713846008601	0	0	0.261946918818124	0.369445632639722	0.181468988456144	0	0.520142413985257	0.861239532884802
Inputs.3_SCa	0.250644551923842	0.0170994164398421	0	0.26500260542303	0.208331199460253	0.258922226753033	0	0.5201496025936	0.854272648535007
Inputs.3_SCb	0.260874881405758	0.0155418987373772	0	0.237958906365184	0.200765837104403	0.284858476387277	0	0.562796434925487	0.826579591678689
Inputs.3_SCc	0.254413523760873	0.0106139264014799	0	0.257648076647357	0.200029723306683	0.277294749883606	0	0.548019734635341	0.836524169894036
Inputs.3_SSa	0.114299464220655	0.0157039274940276	0	0.78981060186028	0	0.080186006425037	0	0.464422887674455	0.896484608754574
Inputs.3_SSb	0.130791752885041	0.0159996133069377	0	0.769534539573562	0	0.0836740942344588	0	0.469311893187797	0.89332700974977
Inputs.3_SSc	0.138752644325186	0.0110511083389691	0	0.811160511561504	0	0.039035735774341	0	0.4660247293578	0.896200212389387
