Gene symbol	Astrocyte	Endothelial	Microglia	Excitatory	Inhibitory	Oligo
SLC17A7	0.040390561403509	0.966799	0	398.526867521739	1.6422688	1.1941426
CHN1	322.613895736842	34.3061067	0	2691.37087773913	243.566108790476	28.2254722857143
NPTX1	3.03031571929825	8.01200925	0	582.564967608696	11.1662876380952	0.163064742857143
RYR2	0.893341824561404	2.2544176	0	306.192192130435	70.5216398380952	7.17902948571429
MKL2	14.4323184912281	67.99955265	8.43341271428571	198.643341347826	18.7443859809524	0.999169228571429
ENC1	2.42182261403509	11.128192	65.2421421428571	784.807244956522	232.384410390476	2.66510871428571
SYN2	9.58130705263158	0.9442241	1.94420892857143	475.630076043478	114.184833390476	0.10492
SV2B	0.122877333333333	0.2881153	0	313.124571695652	9.74171408571429	2.1712272
NEUROD6	0.198033964912281	3.54639665	0	914.247211173913	0.909953057142857	0.296405314285714
GAP43	31.8214521754386	39.0183986	0.946621	1267.77647026087	342.804418019048	42.7767687714286
PRKCB	1.50998426315789	45.4853542	80.7381667857143	337.937748173913	108.321930009524	18.0656699428571
HTR2A	0.350995614035088	12.11373645	0	389.068070869565	22.808781447619	1.39897005714286
SH3GL2	20.3004428421053	1.2363922	0.431229142857143	433.49466226087	80.8142619047619	0
RALYL	20.8097660526316	0	0	629.800918217391	81.0093979428571	5.32127708571429
OLFM1	105.759631070175	25.01514035	1.12989457142857	880.72166773913	300.332338514286	19.4769451714286
STMN1	142.508402859649	558.5739116	64.8273968571429	3705.90630647826	1589.29989986667	2143.45621205714
UCHL1	72.1182904035088	76.9727501	1.98139521428571	2866.95932930435	1422.23175686667	134.652674142857
PCLO	8.20761784210526	11.1779662	0.176332214285714	381.132332434783	158.0120016	20.1951744857143
NELL2	0.96660050877193	0.2714833	0	400.431974130435	181.780952504762	30.3890579142857
PHYHIP	0.295057350877193	0	0	227.858950173913	48.5209102571429	0
LDB2	6.35697698245614	6.38131515	0	296.727368652174	55.7999519333333	21.4628616571429
SCN3B	5.56917392982456	8.398147	0	340.020473826087	111.853447609524	5.11707677142857
ARPP21	11.8146659824561	9.91422325	0	279.467335434783	70.4511835333333	14.2725526571429
PDE1A	0.202338192982456	53.7224701	0	201.359427434783	19.4909536952381	144.7826874
PPP2R2C	32.7875372105263	1.25735905	0	60.3505375217391	20.7420059428571	1.64664897142857
LMO4	28.843397	24.95209485	2.55078514285714	209.829395391304	29.3269641619048	19.8510628
CNKSR2	56.5147401929825	3.3611167	0	292.41931973913	137.009237609524	4.5728482
KHDRBS3	3.79751589473684	79.35018675	40.6752030714286	351.629786521739	55.7500810952381	19.5135406285714
CACNA2D1	4.41406429824561	0.1275147	0	134.793407043478	17.3851353428571	10.0352981142857
SLIT1	12.2260444912281	0.20430505	0	124.563074608696	54.8473315904762	1.22122448571429
MICAL2	0.187101105263158	0.600879	0	107.394636043478	20.9812106380952	0.928244171428571
CELF2	184.111352491228	51.9840336	280.682096857143	448.660171217391	190.276193504762	5.70877251428571
SATB2	12.1936853508772	13.1955826	0	101.968238913043	0.618653895238095	47.9324933142857
TSHZ2	0.125690122807018	0.3109428	0	114.274116695652	6.32268815238095	0.378591085714286
ANO3	0.053890157894737	28.6209907	0.159658857142857	276.107796826087	0.857780876190476	0.908685142857143
LRMP	0.38175901754386	0.46046285	603.827861428571	422.094953695652	2.11544692380952	0.284366971428571
OLFM3	2.08373122807018	0	1.01223728571429	596.194191478261	246.309346057143	10.3238369714286
R3HDM1	35.2569093333333	22.6774675	65.8234474285714	676.983928608696	206.237773733333	27.9373249714286
SYT7	0.05013250877193	0	0	57.9971893043478	13.1842888666667	0.276964228571429
GABRA5	0.154628052631579	0.25205685	0	297.158662	33.4603380666667	0.998723485714286
PPP3CA	372.786240578947	174.8464953	411.4653535	1842.46937686957	662.562502847619	554.5724722
PAK1	6.24277533333333	71.0054402	78.1467257857143	312.250471347826	144.213428495238	26.7130460285714
CREG2	1.25605878947368	1.3970507	0	233.761822173913	71.1424895238095	56.0769182571429
VSNL1	51.7477423859649	36.66152365	0.859030357142857	2549.07726408696	1453.29776339048	111.194221085714
RGS4	1.44597296491228	208.1302301	0.167705	935.174358086957	236.162300752381	6.86805757142857
SYN1	8.33968461403509	6.0132605	13.1583171428571	227.974752956522	91.1705648190476	12.7323163428571
CAMK2A	6.79550756140351	3.51758735	0.205022142857143	319.689360130435	139.425199819048	2.82565945714286
CELF5	1.10742729824561	0.3760184	0	61.117056	22.6107463238095	7.34545668571429
BSN	1.77870710526316	2.08192495	0.0405875	73.1880533478261	35.7585174380952	1.96447491428571
SYT4	16.4164245614035	16.3363337	0	615.635987652174	332.620761380952	15.0021305428571
GAD1	24.9763927017544	12.59412525	0	74.1006975217391	1047.46143052381	61.1029845142857
ARL4C	48.631101122807	21.9723515	12.5241302142857	181.200616695652	589.998029638095	41.7522005142857
MEG3	26.3627845263158	36.8503693	0.041761214285714	717.210565565217	1019.42207722857	65.8412563142857
NRIP3	2.7336659122807	181.5390605	149.335014785714	97.2007890434783	877.576235895238	14.8433919714286
SCG2	160.753176666667	110.3544131	0	1157.93435221739	3267.8930074	101.9984338
SYNPR	27.7526352105263	53.6881287	0	704.92000273913	1623.52393733333	30.4375072857143
GABRB2	16.2129278070175	17.6050468	0.236545285714286	371.937483434783	527.136047190476	7.91664814285714
MYT1L	7.31180140350877	12.7839281	0	347.132288608696	359.511928790476	16.0911454571429
ATP1B1	110.049813	470.2192409	384.216816714286	1484.58178465217	3005.39603469524	1345.34842385714
ROBO2	3.602038	5.7838592	0.113907857142857	31.2288596956522	119.506159066667	0.627769857142857
FXYD6	22.3047252105263	123.54365565	0	717.373902391304	923.510600438095	105.022145285714
DLX6-AS1	0.115031543859649	2.45449875	0	0.847438043478261	107.499761895238	0.242410914285714
NRXN3	5.37724701754386	7.2812929	0	123.761490173913	249.732002514286	56.2878860285714
GAD2	5.54326726315789	15.13373825	0	10.8908716086957	157.385449314286	1.79768717142857
IGF1	3.49633461403509	11.1917299	20.8713997857143	8.28692986956522	237.762012114286	82.6126525428571
GRIK2	29.6842183859649	18.4332254	0	223.698346565217	550.93493887619	13.0371238571429
AP1S2	50.0130339824561	53.89282585	42.9736282142857	70.6228402608696	672.068056485714	35.4577198857143
FGF12	4.18376064912281	130.5982405	0.134258428571429	867.913101	1602.57721628571	58.9929506857143
GABRA1	16.881037877193	59.9476815	0.239727928571429	879.861625782609	1212.50292070476	51.1603108285714
CNTNAP2	9.13991587719298	54.2787523	0	184.261714304348	582.618460847619	102.016032685714
SCG5	33.4013148070175	51.40723445	29.6184177142857	1619.65178426087	2053.8580302	633.3725038
SRRM4	5.41068535087719	1.83502715	0	92.8613565652174	122.001947990476	3.66108897142857
PNMA2	78.32458	76.75838145	0	790.932879565217	798.460178542857	33.1617622
NAP1L3	102.183130035088	33.1478252	0	997.205405217391	1788.34319269524	299.702409514286
ERBB4	185.136136070175	9.0028642	0.354812642857143	42.6352313043478	604.898458095238	90.2010026285714
ZNF385D	7.19803856140351	3.25818195	0	8.9628807826087	133.568603419048	1.92994822857143
CALB2	16.7805183508772	101.1917867	1.546759	21.822066	1081.70566612381	30.6739557428571
RBFOX2	72.7709060701754	64.1853354	0.148377785714286	321.159454043478	347.62705527619	18.0965551714286
DCX	0.775276789473684	2.86835185	0.364541285714286	40.2781126086957	158.663541447619	4.87828957142857
SLC22A17	50.5484018947368	9.86408775	0.7696735	244.719414217391	266.720774171429	59.5861369142857
RGS12	9.81092910526316	4.1318719	69.9744101428571	11.02113	111.396650066667	0.3973908
ATP1A3	0.643406315789474	5.18506145	0	23.4619605652174	35.1665410190476	0.918940628571429
PLCB1	98.5573459122807	19.0460492	0	103.246487130435	257.113912971429	7.71938037142857
KCNC2	4.76554270175439	1.9121229	0.103412785714286	77.6516164347826	195.856818190476	1.66848894285714
GPI	262.095225789474	71.92712135	230.573337285714	473.408470086957	608.942875009524	66.3095902
CCK	71.3062151929825	70.01214755	0	756.726901913043	1890.06606969524	65.2781958285714
CNR1	5.09030671929825	48.84877235	0.076530214285714	158.661796	703.714505342857	10.3826588
ELAVL2	14.1494348596491	9.4747855	0	145.733659434783	292.892557180952	10.4419955428571
FGF14	17.9528298596491	47.5454436	0	307.976073478261	834.4715824	20.1092171142857
DLX1	5.12654464912281	21.8474601	0	8.50602830434783	148.919151095238	9.2290338
SULT4A1	0.514647824561403	18.78385155	0	454.086553434783	303.227782238095	1.04458745714286
ATPIF1	209.131321122807	195.1427196	78.1662183571429	906.797346913043	966.939721942857	164.698927371429
FAM65B	20.4879549298246	7.5131474	0	80.1316327826087	136.145731809524	0.829022085714286
MAGI1	33.7318036491228	7.47709345	0.298071857142857	95.567353173913	178.774034485714	16.5177925714286
CIT	3.43880121052632	12.92475485	0	140.09664126087	181.561166733333	17.7103377142857
RAB3C	1.74408257894737	4.27963245	0	40.5444254347826	61.9941477047619	1.18992811428571
RAB3A	7.90811492982456	0.21856345	2.04964678571429	125.379087173913	130.811067304762	2.49338022857143
PTPRN2	31.9014787719298	3.9414356	11.6636437857143	59.0270925217391	125.393383933333	4.49829494285714
INA	12.3261775438596	30.7637447	0	225.798959652174	380.286821047619	28.0049696571429
PLEKHA5	20.0338835614035	22.4538565	6.75282757142857	106.834067304348	137.050285990476	14.6109976571429
SLC1A2	9973.83315708772	156.62005355	10.3899296428571	480.462515782609	154.441094904762	47.6486476571429
GPR98	954.403453017544	0.1523024	0.1657815	39.4588701304348	7.58247614285714	1.307357
GJA1	4937.40053810526	190.7816675	0.267046928571429	104.879607391304	56.1467596380952	13.0327384
SLC1A3	6654.553884	252.92924195	1945.69065957143	258.506103913043	61.9124091714286	265.874166285714
ATP1A2	3915.00603550877	1347.38367795	3.24769364285714	91.479986	65.552789552381	22.1039757714286
FGFR3	432.833759701754	2.5747535	0	8.9274422173913	10.6569525047619	0.394395085714286
SLCO1C1	1835.83252510526	98.52132275	120.188983928571	18.0048209130435	23.1988285047619	0.793318285714286
AGT	2634.84047557895	294.90406025	8.55357557142857	119.870493304348	34.3382248095238	29.9171940571429
SLC4A4	687.274621421053	25.3498864	0	30.898576	35.7286474666667	37.8872909142857
SPARCL1	16638.2571211228	3491.8817197	163.754666785714	2965.56458513043	1921.65945457143	139.753911428571
ATP1B2	5397.51277045614	356.7198441	150.911371428571	561.002136086957	719.116523142857	58.7200697714286
LRRC16A	1395.49887277193	57.22442335	0	229.219825130435	156.299603066667	2.75276694285714
GPR37L1	672.563369421053	5.05459575	9.99370521428571	19.6175637826087	15.2148091142857	25.1979692
F3	4763.1203217193	1881.5088721	1.20934214285714	96.2925842173913	53.199256952381	11.9571580857143
BMPR1B	2137.75487935088	3.8250216	0.208660571428571	84.3048818695652	27.7637976095238	44.2887456571429
ACSBG1	274.622009578947	0	0	2.99112	0.46736480952381	1.11299357142857
SLC25A18	909.811887736842	0	0	29.2554609130435	23.0579243904762	4.92875194285714
DIO2	991.097386	0.0755045	0.741299071428571	35.2411312608696	40.0040074952381	30.0240470857143
STON2	1239.16178575439	0.3883598	0.419913214285714	18.4224712608696	20.6519611904762	1.71777025714286
EZR	2309.50681284211	518.9416427	478.969598214286	64.9724442608696	45.3082110095238	29.6236353714286
CPE	6338.22841396491	1025.96378885	30.1260885714286	1259.38867469565	890.573264114286	93.6543991428571
SDC4	813.83144477193	28.31501765	0.252021714285714	5.15221239130435	4.24581160952381	0.250172457142857
NHSL1	826.150736385965	97.82144635	308.89499	15.7193574782609	11.9384521428571	1.285752
PPAP2B	1197.72881877193	121.6518811	243.305764	53.4590059130435	18.2106591047619	70.5303591428572
EDNRB	1401.73903559649	5.24559175	19.8896796428571	19.6236609130435	64.3333072380952	13.1046987714286
GLUD1	2399.53634733333	158.5091124	162.291811785714	156.490616434783	127.694246971429	262.644178542857
SFXN5	149.410025508772	3.9029907	0	4.0683467826087	4.25282341904762	0.379192285714286
MLC1	181.048887105263	0.1665792	0	1.17628086956522	1.28976585714286	0
RANBP3L	1296.71332114035	520.44788895	0	64.5617758695652	39.3495258	0.663723371428571
ATP13A4	770.717116035088	0	0	33.6592896521739	26.5227856380952	2.88047297142857
RYR3	596.138791035088	3.28871505	5.63028071428571	37.4792395652174	116.69141607619	0.311259628571429
MGST1	416.604461631579	23.11369585	0	2.76086743478261	2.03303576190476	0.760769914285714
CLDN10	1717.75883387719	2.93108045	12.8589215714286	68.6622474782609	83.4344439904762	0.468732314285714
NTRK2	916.84443131579	67.61047615	0.092447785714286	124.668479782609	155.021159419048	36.7129374
SLC7A11	760.537458263158	388.48788885	0.141486642857143	35.4179893478261	4.2849572	4.75734022857143
SLC15A2	761.814641596491	2.8460709	34.4365784285714	26.98962	13.3862126	1.40075865714286
MYO10	422.651197491228	55.1451674	60.5027783571429	8.45987365217391	12.4725626	56.2750438857143
TTYH1	121.467134105263	3.2378536	1.3042095	6.93692173913043	2.72702806666667	14.5313496
PREX2	273.914734491228	52.03320255	0	1.28851608695652	16.8710215238095	19.7269824
TPD52L1	344.508432473684	6.23578635	0	23.2801166956522	21.3981765809524	0.962935314285714
ID4	1115.72453187719	69.18407495	0.669220714285714	34.5255240869565	47.431285	21.0010052571429
COL5A3	57.0212920877193	0.0861239	0	3.40754260869565	0.612077152380952	2.58184708571429
PSD2	920.973291982456	1.0954926	0	65.1092506521739	30.0553190190476	15.7082523428571
NCAN	572.610423070175	2.99753165	0.300059071428571	98.0103567826087	41.9654494857143	0
SLC39A12	961.182093982456	0.08924565	61.2097657142857	10.8655963043478	10.2646471428571	0.139654714285714
CST3	681.100606105263	138.51189955	43.9187409285714	50.9815342608696	33.1769364761905	2.08230371428571
GLUL	3939.46180631579	837.60031985	444.258470857143	185.184078304348	122.957491638095	2553.18869691429
GJB6	1823.10034322807	12.6992785	0.880391214285714	105.777866782609	56.3988867047619	0.076967514285714
PRODH	136.574330701754	0.0815995	0	16.4041364782609	2.11150697142857	0.229267371428571
GPR56	272.817962824561	6.28980795	64.1948326428571	22.0767676956522	21.964948247619	1.06957731428571
PLP1	277.354020929825	3028.6669318	414.796734857143	435.084498521739	205.878872752381	34538.8938070286
ERMN	64.8890346491228	282.6976539	26.9776558571429	36.9355215652174	14.1148396571429	4707.49037674286
CNP	222.112227877193	240.1478301	249.367793785714	139.664414521739	171.067233838095	5783.14823645714
TF	18.59415	276.53982275	0	72.6383500869565	11.8279423047619	2422.92424348571
SCD	568.629028157895	258.8276967	120.465077857143	108.732766217391	104.383258704762	4113.28244917143
CLDND1	339.525837175439	932.21082145	385.039230071429	331.862578391304	158.624200857143	7894.2361686
TMEM144	123.260249526316	195.2493034	287.546013785714	64.9058628695652	35.1289244952381	3654.18646062857
FAM107B	2.5827150877193	49.5675192	46.4619209285714	3.48036986956522	6.06911419047619	951.666808742857
UGT8	1.05497596491228	56.5406035	0	30.837109	4.91121340952381	1149.26038794286
PIP4K2A	485.489696298246	441.70594945	540.080523142857	191.677606086957	239.559645257143	11796.9991882
CLDN11	0.601168929824561	103.6359166	6.89720614285714	39.3314823913043	21.2875593619048	1914.00449022857
ENPP2	2.2963560877193	315.57080115	1.06449785714286	40.3192943913043	55.9603215047619	1868.63557314286
ANLN	1.70990392982456	57.39860995	0	3.974793	17.8350619142857	864.831383514286
SLAIN1	82.8004909473684	165.4433788	110.7176275	54.2687999565217	79.9266128285714	2343.93656542857
ST18	3.925693	30.92265045	1.18543471428571	4.84637317391304	2.41348321904762	197.269803771429
OPALIN	6.62264980701754	327.8832057	0.590049357142857	42.5253076956522	19.2649328857143	3253.08395414286
SLC12A2	78.4680247719298	566.1841021	0.718442642857143	90.1709480434783	101.877823352381	1353.06214414286
RNASE1	0	1706.5383555	282.237016214286	66.8791650434783	19.0814203047619	4031.77158705714
BCAS1	5.6081797368421	38.8285609	2.917506	17.2377432608696	42.1745541238095	360.6461088
MOBP	9.36318724561404	51.92186825	0	1.99320439130435	14.0085209142857	443.9538548
GPR37	55.209457245614	344.8598733	0	34.3628055217391	42.4503733904762	935.381983257143
CNDP1	13.8806560175439	74.11985935	0	9.34721869565217	10.7496753714286	1356.56160025714
MBP	25.2166906491228	300.7449597	122.031162857143	59.1668529565217	96.6884030857143	1769.49856965714
SOX2-OT	87.5911773859649	81.70989865	7.2768285	53.9025779130435	94.9934055047619	933.266881
KLK6	0.050657719298246	37.0532831	1.06168007142857	0.678997869565217	1.35320886666667	1341.45177048571
CRYAB	1237.34453724561	1032.98224635	25.8571475	469.11506826087	285.654046104762	5039.83299894286
QDPR	61.6229804210526	86.18036365	177.328233428571	353.831476	182.670104771429	3403.83858082857
CD9	68.2342113508772	607.01929825	307.435783785714	20.1519024782609	20.8758349142857	1547.31122748571
COL4A5	34.2168644385965	27.16761375	0	2.51871265217391	4.9613254	247.787641571429
DOCK5	37.2881298070175	71.8987769	0	1.72808708695652	1.51362902857143	421.1753536
CARNS1	0.753989122807017	44.7029332	0	2.57650130434783	0.962181466666667	225.053196228571
TTLL7	2.02413587719298	56.52287455	0	106.006902913043	108.8084632	643.709782657143
MAG	0	1.27103015	0	0.604982434782609	0	853.419640828571
LAMP2	787.961873964912	342.3622919	523.091933214286	160.151844521739	224.523666342857	3297.35245431429
ABCA8	1.64359580701754	18.9434493	0.071848142857143	1.1226757826087	1.71960344761905	177.760393171429
GLTP	116.786546578947	326.2036934	165.192000357143	59.242765	93.232629647619	1590.19029991429
ADAMTS4	0.872035473684211	787.66982745	68.9018042142857	2.85633782608696	1.47300193333333	157.503208057143
HHIP	5.47872721052632	4.93881635	0	1.55317095652174	9.09184092380952	164.556810857143
SLC24A2	20.5525692105263	58.30557605	11.9465872857143	320.164599826087	198.265175209524	1544.65498957143
PLLP	0.211234859649123	210.3782217	1.60412864285714	4.43446395652174	100.792538885714	1051.88647302857
GPM6B	1540.81358533333	233.0912813	445.815539714286	626.411870347826	308.8559964	3197.32602628571
SLCO1A2	0.674662771929825	194.1996607	0	8.66361182608696	0.585412038095238	406.2200548
LPAR1	25.3345045438596	27.7557323	1.14747157142857	2.8395762173913	0.747385257142857	713.954456885714
CLMN	14.5644076315789	31.1048809	0	11.7601780869565	8.32846581904762	200.8742282
SLC44A1	7.874128	20.91163185	0.196953285714286	12.7841754782609	13.5376153619048	274.840207942857
HSPA2	86.7876570877193	131.11413645	56.6512069285714	9.68285939130435	10.5018079047619	793.5319226
RASSF2	40.3506632807018	143.91950045	247.918181571429	19.2241226956522	32.8235110380952	748.057166171429
TRIM59	0	59.23974875	0.231435642857143	0.284318652173913	1.87085244761905	701.269352714286
PLEKHH1	40.1517711754386	68.93948355	0	55.6410318695652	17.9565611428571	295.838814285714
ERBB3	15.8001331754386	5.1932941	9.31007142857143	5.92594230434783	20.3074152	281.782033057143
VCAN	15.7701482631579	33.4888278	0.484162785714286	0.302084391304348	52.2823846	10.6342385714286
PTPRZ1	1101.94680435088	0.9563587	485.549505857143	56.0270776521739	197.278071580952	32.2162571428571
PDGFRA	0.015649105263158	50.81969435	0.114347857142857	0.091793826086957	39.9357698857143	17.8379781142857
SEMA5A	4.76544685964912	109.9358383	0	77.3019983913044	81.5431392	39.5507725142857
XYLT1	12.9187572280702	0.4256751	0.303389571428571	17.0988152173913	12.3729750761905	7.48494917142857
LHFPL3	0	0	2.62188742857143	12.3421173043478	52.7042647333333	206.992124742857
PCDH15	0	0.15243365	2.24267235714286	14.7764713478261	37.1518341238095	11.9565660571429
LRRK2	27.892339245614	45.1426033	1.31325507142857	75.7840178695652	17.4294998952381	4.07380057142857
B3GNT7	0.109445666666667	49.86724915	0	2.15045265217391	105.3530078	82.8071382
PDZD2	2.66367501754386	54.5255699	3.15732464285714	7.90139117391304	32.3116429333333	18.9716042571429
SOX6	22.1099564210526	0.62933015	0	4.61631273913043	15.3827523238095	5.56689117142857
TNR	1.51734145614035	0	0.09584	23.7852566956522	11.5223352380952	4.851781
SAPCD2	0.158331052631579	0	0	0.116376086956522	1.26842104761905	3.90393328571429
PER2	318.800290368421	300.01765665	435.870484	283.098049347826	146.42670007619	206.247851828571
BLM	0	0	0.134833142857143	1.20405830434783	26.3125912285714	1.08715031428571
MMP16	0.599892070175439	2.08073085	0.122645928571429	127.551737086957	98.6703719238095	22.2394244
RAB31	321.639229649123	14.19617555	538.334816357143	16.5173482173913	43.2611340190476	12.1742448285714
OLIG1	17.0599235263158	40.3381282	10.2925333571429	0.196413391304348	38.2254184952381	386.879821142857
MEGF11	3.94675256140351	1.0279576	0	0.147391173913043	34.7572328857143	5.79613662857143
LUZP2	101.21845845614	0.02849365	0.309613642857143	64.344114826087	110.759735819048	52.9420368857143
CCDC50	55.1039077017544	97.719214	21.3985772857143	49.9397173913043	48.564994247619	25.9358127142857
CRISPLD2	0.451695192982456	982.72813735	12.2065821428571	1.737808	4.37234855238095	0.090342257142857
CREB5	3.21626475438597	81.48623165	4.7860855	66.7691743913043	20.6703976190476	459.376522628571
APOD	22.1716618245614	7061.3172194	258.240008	88.5282203478261	246.395123695238	2880.83661445714
COL11A1	162.325368105263	10.54078635	0	79.6681454347826	167.896043285714	2.54416765714286
MKLN1	298.509053754386	79.49194575	36.2460252857143	108.244986695652	89.7856679142857	143.492626685714
IL1RAP	0.148691614035088	0.1299308	440.113960785714	44.5494673478261	24.9197340380952	11.5042410571429
CRY1	21.5943545614035	213.21507075	195.185818071429	19.8822013478261	24.5853738666667	84.6740491142857
ITGB8	212.921637789474	5.28026005	0.321626071428571	114.094837304348	62.4435123714286	611.160245
SULF2	0.634240140350877	117.29917965	52.2772969285714	40.1810666086957	40.5016686857143	10.9654513142857
ETV1	27.4704696140351	2.20639025	0.767011785714286	78.9172038695652	22.0933209047619	6.00464574285714
CA10	5.11712236842105	0.2581815	0.333900071428571	78.9051787826087	22.9997901333333	29.7848103714286
TSC22D1	346.504009245614	1553.4211593	178.600914714286	652.21993673913	623.394899142857	183.672590657143
KCNJ16	74.3231212807018	0	0	0.331721434782609	3.04090716190476	0.122116714285714
COL9A1	8.75261347368421	0.6674943	0	0.526764043478261	12.4654216095238	4.26733437142857
SLC35F1	333.78284154386	100.40438575	0.730038142857143	580.516456217391	762.835999447619	47.5345601714286
SCD5	1127.20160210526	32.74632085	2.838765	759.425913913043	409.860106904762	1406.50686174286
PELI1	1.13838377192982	716.08975855	548.204502214286	126.412028913043	80.8959825714286	168.581550142857
PLEKHH2	76.1357442280702	27.0410899	0	8.08235	5.00681205714286	89.6951437428571
HMGCS1	715.935734438596	679.6949015	444.354382642857	331.929667086956	481.012402580952	952.739108942857
DSEL	8.04337336842105	38.2840707	21.9808289285714	32.1419852173913	61.4230873428571	239.939854485714
LIMA1	34.9768937894737	137.46320775	1.25055671428571	75.6431967391304	53.989751752381	134.140775628571
MYT1	0.458885157894737	0.67610195	0.8440705	0	30.4813740571429	1.6330204
SKIL	142.874678368421	240.95056845	486.559092428571	192.887805913043	197.318259780952	424.608892971429
IDI1	1227.92371301754	765.8663455	142.9531965	226.159313391304	419.094880838095	1211.8956876
EPN2	32.2305350877193	31.05309145	3.91148564285714	7.63294126086956	23.2203204571429	22.6906879714286
CNN3	1231.95922610526	616.59878395	8.5932175	178.584195782609	146.290493066667	362.0354428
SEZ6L	6.85540105263158	4.59534325	0.415507642857143	144.124083826087	220.419430038095	11.9727968
GRIA4	33.6399462807018	4.39773865	0.212861857142857	129.090201826087	192.762039980952	42.7543247428571
DSCAM	0.467391245614035	0	0.145239214285714	59.7664174782609	70.5339686285714	4.41661154285714
LAPTM5	0.232561649122807	0	1684.05948092857	0.057156043478261	28.3405300666667	30.7723634
ITGAX	1.925553	0	1676.97348685714	0	17.4618098380952	0.066458314285714
C3	0.060352543859649	0	1906.35371592857	0.107621	4.23504848571429	0.683182371428571
CD74	12.7137419824561	318.19383235	9275.55149507143	1.71395360869565	109.728848714286	1.10912071428571
ADAM28	0.094996035087719	0	535.081347428571	0.087505434782609	1.90380497142857	2.66047145714286
ADORA3	15.7573421403509	3.39224695	636.611404214286	0	3.19546721904762	112.558837457143
B4GALT1	20.8923779824561	350.91704025	492.240508571429	9.09703086956522	14.5117965904762	0.103198914285714
CD53	13.213654245614	0	4287.65327078571	46.664864	4.17259177142857	0.7490248
OLR1	0.113161807017544	0	8679.81790764286	28.960092826087	18.9751391238095	0.133808971428571
PLEK	14.6238444210526	0.34668305	4705.99701642857	2.36433569565217	26.0070155333333	0.532806342857143
PTPRC	0.168388649122807	0	770.258948785714	0.127460434782609	5.03741563809524	0.219671257142857
SRGN	21.6565635614035	3181.08367205	14668.8842472857	2.98550208695652	73.7881733714286	2.39319574285714
KCTD12	3.13504559649123	130.2665033	953.548238071429	14.9535286956522	101.877471180952	1.28125777142857
A2M	13.7903282631579	1223.19017125	3253.31650114286	0.706113086956522	29.3628113904762	7.47401451428571
CD83	72.1425694561404	1182.01225405	6987.46572614286	117.058403304348	49.502800352381	0.919273085714286
SERPINB9	331.596799192982	270.20220745	2581.07491678571	76.9077929130435	272.608831228571	51.2183832285714
SPP1	54.7797555964912	332.25985505	25242.1557970714	162.825744304348	293.910928361905	7127.765593
MSR1	0.601719473684211	0	2108.62769192857	0.078980173913044	13.0599071809524	0.153216685714286
CTSS	0	68.82389335	264.731153571429	16.9403983913043	22.4984668571429	1.30739365714286
HAVCR2	10.7515983333333	0	1913.90904778571	0.485231565217391	19.6750912095238	2.74254865714286
S100A11	0	723.29630495	2936.8353165	0	25.8508547619048	1.44258185714286
LPCAT2	0.114236473684211	5.02952025	679.104535571429	2.46210039130435	9.70962125714286	9.49033217142857
ETS2	6.59645078947368	185.2148354	1082.39327221429	56.7012111304348	16.4644644285714	0.480262971428571
SOCS6	14.0566780175439	1.62844575	991.761599142857	2.98546356521739	32.2690681333333	31.1454481428571
IL13RA1	6.95743338596491	137.4570557	670.206590285714	0	2.93245013333333	5.68398551428571
ST6GAL1	2.22367840350877	247.01933845	758.043324285714	4.06253543478261	8.99164434285714	0.184958514285714
SLCO2B1	0.055201561403509	46.8975495	127.791819714286	3.65048282608696	1.34515863809524	0.083672514285714
SGK1	9.40038136842105	467.75121715	2511.16675457143	58.7884512173913	90.4783102666667	691.112886
ZFP36L2	272.517739105263	1349.4797189	2818.43385042857	10.4775790434783	65.9350650285714	263.572797514286
PABPC3	20.6494531754386	69.12290035	184.534289785714	12.4053868695652	26.0955412857143	16.4956525714286
CSF1R	1.51275261403509	0	866.829016714286	0.401956434782609	8.65069730476191	3.5615034
CD4	16.3582195263158	156.2469886	385.079215214286	0	0.845360580952381	0.128425342857143
ELF1	11.8238677894737	283.59236745	1290.13368471429	0.520636869565217	14.604735247619	164.406818542857
MSN	44.4274927017544	324.7958527	272.671951214286	1.91193830434783	7.78403932380952	37.0361140571429
CMTM6	82.1562134736842	30.909344	1569.39447471429	26.6999733913043	64.0609813523809	5.41662608571429
RNASET2	3.34262335087719	0.95644165	124.7497395	14.0968630869565	35.8688427714286	0.0282412
SP100	0.050965192982456	127.13396325	117.391621428571	0.064002	2.57969724761905	0.738254285714286
CTSB	248.691703122807	10.56073395	1367.59700864286	229.447297391304	208.014591857143	50.5592897714286
ZCCHC6	58.5499435789474	49.9007014	919.9609435	50.3033579130435	43.6023440571429	62.1075574
KLHL6	0.228094035087719	0	54.8181030714286	0.081404652173913	0.233696542857143	0.051740142857143
RPL30	58.1269562105263	409.3839097	504.584019785714	85.9529962173913	126.976515028571	228.493403742857
NEDD9	23.3351974561403	179.5859556	503.688242357143	11.690287826087	1.38674846666667	0.550806428571429
IRAK2	11.5172499473684	5.7126871	838.280800285714	0	14.4618170952381	5.17035765714286
DUSP6	218.159318736842	477.6014204	2438.615517	333.122017086957	89.0573800952381	29.2190371714286
FCGRT	27.5110254210526	35.625229	290.218673285714	2.25618839130435	5.88743935238095	0.395279714285714
EPB41L2	42.9271822105263	37.93458945	404.055384214286	47.3225576956522	18.5388670380952	69.3251769142857
REL	19.9387670701754	97.52757385	181.222668785714	6.25666082608696	13.6740473428571	2.9148454
GPX1	58.784678122807	165.36918115	1392.28738064286	95.7654086086957	171.93806552381	30.4999219142857
CXCL16	25.9729034736842	0	264.894864428571	0	4.61577091428571	0.424477342857143
GBP2	1.30219226315789	109.6377643	504.444029071429	2.73283765217391	0.975011495238095	0.169371628571429
B2M	592.531867052632	12585.5312728	8494.18153457143	306.276369478261	635.294061142857	1486.92315185714
APOLD1	2.63846292982456	2511.11067545	0.170812714285714	0.150972	0.747801161904762	2.76408757142857
CEBPD	55.3044211929825	425.48585995	40.9307002142857	21.7491049130435	4.49910001904762	0.081089485714286
LGALS1	286.087974087719	1736.29496945	73.5007684285714	216.119819434783	172.798221590476	29.7412699428571
ITIH5	0	114.36080605	0	1.57251130434783	0.208249676190476	0.058393285714286
TACC1	240.200209859649	1199.161788	320.453329428571	223.768513521739	103.165451657143	156.500750828571
NFKBIA	484.918737929825	2562.67798635	652.091613071429	82.5433152608696	115.719310352381	168.663747028571
PTRF	0.031001245614035	343.302383	0	0.420626826086957	0.657285552380952	25.4284101714286
CALD1	38.590586754386	354.6067625	0	49.4048497391304	41.8554750571429	125.054069542857
ARHGAP29	20.6990080877193	144.7901594	0	2.87635152173913	9.9196805047619	0.011376771428571
VIM	234.115547789474	1173.24623835	5.50428535714286	10.5327382173913	10.6580617428571	0.291147057142857
ZFP36	402.701631947368	2079.14487165	637.969006928571	18.614331173913	52.5543294190476	155.603228114286
MSX1	25.2069702807018	609.9736534	180.8257825	0.356688782608696	5.95721310476191	12.8381061714286
KLF6	56.3195864736842	1476.89250715	1115.11912485714	110.667806826087	75.0047839142857	39.0624127142857
SPARC	13.8951799649123	1387.4610174	0	7.26977604347826	52.5576236095238	338.703982257143
ZFP36L1	204.469930105263	375.48752535	268.514068071429	9.18824291304348	4.86852339047619	0.683989657142857
FN1	24.5905588245614	451.93288835	0.081560142857143	14.8324563913043	27.4596912	16.9985164857143
NR4A1	68.5753958421053	419.98849075	18.5115699285714	97.6970078695652	30.2798137428571	86.2881641714286
RPLP1	138.353528649123	626.61566495	451.273551142857	167.239346043478	186.3779314	184.497098057143
CDKN1A	0.853386666666667	533.34269465	285.660313928571	41.669380173913	39.5324071904762	14.1763724285714
RPS6	174.635348877193	1413.53568655	1888.17096707143	317.457695391304	293.608181171429	446.7857856
ANXA2	1.25921961403509	147.60204995	1.04695042857143	0.045706347826087	5.92260661904762	0.093789571428571
H3F3C	29.4883452982456	317.85152	111.034291642857	54.6747891304348	75.3838234190476	140.850305057143
AHNAK	36.5426484385965	69.0434592	0	1.39459956521739	2.48327286666667	0.047663971428571
EMP1	24.1646478596491	1107.5280047	0	1.68416056521739	1.47854139047619	5.1438498
MCL1	179.424935491228	860.9289275	771.752263714286	51.8680846956522	86.4092162666667	74.0707989142857
KLF10	38.3010176666667	648.25668615	298.289893214286	189.199067652174	44.4279260095238	6.59927062857143
LHFP	196.736601947368	1483.1471759	0.565992857142857	119.145736695652	158.269305961905	8.778182
ATF3	7.80507626315789	572.20250225	179.667925285714	3.24833347826087	10.7339906857143	36.6777419142857
BHLHE40	167.787601368421	486.76146775	3.70380228571429	54.0394380434783	33.1780350571429	0.2312588
MAFF	49.9269565438597	237.917954	41.8438154285714	0	7.51284214285714	36.0224626857143
MYL6	171.310482982456	1103.6461787	332.564001142857	185.881196217391	301.092208609524	180.763202485714
RPL34	44.9625401929825	197.90251185	252.903961142857	82.5387115217391	76.693310647619	40.7394971428571
MIDN	33.8153005438596	83.81748105	26.8562503571429	14.8558886521739	10.6780781904762	47.2706382285714
MIR22HG	58.5134074385965	561.66573125	447.644918642857	10.0139699130435	78.5389007904762	12.7898244285714
RPL37	8.31498603508772	53.27370895	62.0794855	31.144496826087	16.533159752381	9.77476577142857
VAMP5	75.0526901754386	914.5719472	54.4516695714286	0	2.361967	1.39175028571429
EPAS1	19.8469022280702	398.0180775	0.102480857142857	2.09764265217391	2.43937832380952	0.151552171428571
RPS20	68.9009292807018	376.891837	289.571200785714	122.306220956522	115.581951152381	172.424836885714
UACA	43.7374853859649	213.5935764	0.174064214285714	1.49933895652174	0.691536257142857	67.0677528
DDX3Y	348.886685614035	900.7771928	484.909109214286	48.9461092608696	40.6586985238095	330.059191285714
INTS6	25.9505266491228	194.59484635	2.26777664285714	57.0752672608696	27.6083083809524	65.6882234571429
IQGAP1	137.078225789474	253.1337018	70.8765519285714	31.4952384347826	47.6806726	189.439119942857
GSTP1	258.02996922807	1252.4366174	346.730673714286	133.348274826087	236.145811209524	273.179375914286
RND3	17.5671819473684	1782.1209306	167.088845642857	34.4673420434783	371.16533327619	0.088508885714286
DCN	88.7356323157895	2152.0330069	146.403955785714	28.7335144347826	121.166652695238	8.73101688571429
ATF4	151.280216140351	1331.8387872	514.668048642857	142.396252086957	159.367612971429	336.807080371429
RPS29	23.3442744912281	86.85805435	67.2195788571429	41.0538407826087	36.7048436095238	19.1847186857143
IFITM2	144.833428719298	699.94208405	38.0150451428571	0	8.4728213047619	0
TPM1	24.7717125263158	339.0303706	0	41.5826866956522	62.2914840190476	2.70622862857143
ALDH1L1	83.9761287894737	0	0.144151642857143	0.169941826086957	0.194624133333333	0.228113057142857
EYA1	74.1080133333333	4.13156935	0	0	27.896278952381	1.27367514285714
NWD1	46.2714079298246	0.3053334	0	7.01468286956522	0.62884540952381	0.2777894
HGF	32.3596504561404	0.12913425	10.7410003571429	0.512905130434783	7.51981143809524	0.025155314285714
GFAP	359.278179982456	1.50116395	0.203285642857143	4.49844656521739	1.22637592380952	0.351933542857143
ITGB4	44.9473631929825	0	0	0	1.02278782857143	0.030306685714286
PPP1R3C	922.664733596491	443.95011525	0	15.0158777826087	46.421438	24.7599875428571
RNF43	26.3219774035088	4.7784667	0	0.180067391304348	2.50008835238095	0
SLC14A1	184.527675070175	4.801006	0	2.44933991304348	2.24406177142857	0.266744371428571
COL16A1	58.0625859824561	2.1370439	0	34.1121557826087	22.0808080380952	18.1109634
ABO	6.21863994736842	1.6313982	0	0.491786173913044	0.139017752380952	0.099915285714286
ABCC9	104.209589157895	42.9260366	0	2.58676756521739	0.199204866666667	0.130300914285714
GABRG1	385.94316345614	2.70566785	0	157.278723086957	50.8125512095238	0.219331885714286
ITGA7	163.622848105263	3.12349685	0	0.745375695652174	12.4252027428571	0.035369257142857
CLTCL1	27.2304288596491	0.1605137	0	0.470081434782609	12.4851002380952	2.47830462857143
DCHS2	39.2473676315789	0.2633827	0	0.043292826086957	7.1291292	0.461179
RGS9	26.1340737017544	0.46366025	0	0.638322086956522	3.40983493333333	0.064951142857143
SLC30A10	142.973639807018	1.87331635	0	0.224454652173913	17.6212005619048	0
GRM3	894.178509385965	14.72444865	0	124.65203073913	33.4956865333333	471.776092685714
NLGN4Y	11.7204848421053	42.59494575	1.149655	4.09283186956522	27.733971	1.75345525714286
JAG1	12.1687631929825	224.00729425	92.6391850714286	21.2915792608696	45.692314647619	2.38979151428571
KANK2	2.42521168421053	32.6823883	13.2815059285714	4.91841408695652	19.9228215047619	3.42852857142857
NR4A2	132.428346964912	737.96208425	614.421071214286	217.339633869565	3.71020925714286	257.037488114286
RRBP1	9.07874429824561	46.6455369	33.4069946428571	12.9295406521739	3.35488997142857	34.5634751142857
OLFML2B	0	62.4048085	32.9677502857143	7.30212426086957	0.078598247619048	16.8652122857143
HPGD	0.023234754385965	3.90770785	0.223764928571429	0	1.2098286	0
DSP	0.089172263157895	60.5136896	0	0.530746260869565	12.4109209428571	0.041192171428571
AOX1	0.015391315789474	79.10116735	0	0.077313869565217	7.01444841904762	1.96357445714286
ANKRD13A	3.09275738596491	78.68993735	0.975979928571429	16.5345247826087	52.3420413619048	64.2953928
PRRX1	0.85335147368421	104.8471075	0	0	1.84734261904762	0.477166685714286
ZFHX3	34.397701	126.66225845	100.423542214286	7.49421130434783	11.1009671428571	16.1140363428571
FLT1	2.00666126315789	612.7077856	261.619386571429	0.275245565217391	27.2307533047619	0.149554657142857
GNG11	14.8433981052632	322.35709335	0	0	2.50631594285714	0.044158571428571
PEAR1	0	112.6698111	0	0.080874	1.49248500952381	0
FERMT1	0.332188228070175	111.7273005	0	0	6.92274699047619	0.031694714285714
RCSD1	1.8888050877193	165.2120235	3.91349785714286	2.29238213043478	0.154164314285714	0.057102371428571
TGM2	0	156.36136175	0	0	0.126617571428571	0
EDN3	0	250.95792365	0	0.160466043478261	0.687489285714286	0
SDPR	0	1603.0762316	0	0	0.136499152380952	0
FOXC1	0	175.9635171	0	0.171067217391304	0.882795619047619	0.049275285714286
IFI27	2.44359463157895	917.88531655	0	0.423020826086957	0.336956685714286	0
ESAM	0	74.1860734	0	0.14381947826087	0.447432361904762	0.139320542857143
GPR116	0.033254438596491	339.48158585	0	12.8507812608696	0.334233333333333	0
ANXA1	0	678.941324	0	35.7145746956522	1.7969231047619	0.372892371428571
MYH11	0.274238157894737	519.84120945	24.2910507142857	2.38835443478261	9.317718	7.47499637142857
ITGA1	0	60.72807905	0.059939285714286	0	0.324958485714286	0.017586514285714
RGS5	17.348523	1756.7530445	0.870051928571429	15.7725233478261	209.91568447619	12.7619732571429
ZNF703	0.544833649122807	4.8442047	0	0	0.15397880952381	0
CCDC88C	13.8328291754386	35.15686985	0	1.71701773913043	1.22704441904762	0.014213171428571
ST8SIA4	19.8770335438596	15.5886101	304.380528285714	3.08818608695652	39.7430325142857	0.149805628571429
KIAA0226L	50.599853245614	0	92.522032	3.077231	11.3502135904762	1.7064204
CD14	0	0	1245.03329171429	8.23663304347826	18.6079886	0.104025
RGS10	0.079951807017544	0	1460.44381435714	2.00321760869565	15.8959394095238	0.822817942857143
C3AR1	0	0.31450245	5424.96147242857	0	2.36939755238095	0.929745171428571
ALOX5AP	0.074478912280702	0	4156.96883957143	0.673587304347826	9.77659547619048	1.75170654285714
HLA-DRA	0	4.6564263	1515.96745428571	7.00942913043478	25.6685929714286	0.459822971428571
BCL2A1	4.12393838596491	0	4277.22293064286	0	27.5600048380952	0.585661885714286
DHRS9	0.102908754385965	0.0668093	3330.21327678571	0.049887739130435	1.08281376190476	0
LCP1	3.26011359649123	8.5941366	1053.69024935714	0	3.17963564761905	2.71802145714286
LRRC25	0.049139859649123	0	0.584767428571428	0	0.212885161904762	0
INPP5D	14.8158268947368	7.56737505	94.7801348571429	0.126585434782609	1.06946848571429	0.237140342857143
RPS6KA1	0	0	51.6572762857143	0.07295152173913	2.0627732	1.30254002857143
SYK	0.031720035087719	0	110.291749928571	0	1.3505064952381	0.112969942857143
PARVG	0	0.38029635	82.3316165	1.29361808695652	0.778517666666667	0
SLC7A7	1.20158435087719	0	475.265511714286	3.528752	11.7061873428571	0.195988685714286
DOCK8	0.41303898245614	12.18278585	136.000671714286	1.79511391304348	1.97793647619048	0.8339694
HCLS1	0.016625385964912	0	209.0444425	9.59836230434783	8.34334299047619	0.468702514285714
HMHA1	0.019772964912281	0	19.3214225	0.077205739130435	0.271359561904762	0.027183771428571
CTSC	5.25445349122807	0.31753165	116.809696785714	4.89042747826087	3.75551295238095	0.212342771428571
IFI16	35.8319265438597	501.1716642	1254.58833592857	0.091632608695652	22.1173841047619	73.7111045142857
KYNU	0	0	57.2635181428571	0	0.670356028571429	0.639059057142857
ITGB2	0	0	42.0908699285714	1.05489791304348	0.367473123809524	0
TBXAS1	0	0	126.238829857143	0	0.103154952380952	0.0938564
TYROBP	0	0	866.350397857143	0	19.6144699428571	0.216307742857143
CD86	0	0	1068.68529942857	22.9562707391304	16.028569952381	0.371886771428571
SIGLEC10	0.027456473684211	0	152.815613428571	0	1.70490172380952	0.1551664
TRAF3IP3	0.238323736842105	0	12.0155354285714	1.15602686956522	3.11419000952381	0.022779942857143
RGS18	0	0	33.1662290714286	0	3.08434412380952	0.930698342857143
CYTL1	0	0	226.420922571429	0	4.54785745714286	0.2119594
BLNK	0.448481385964912	0	890.751698357143	4.94988904347826	6.32657334285714	3.29092528571429
DOCK2	0	0	25.9889065	0	0.333536171428571	0.116704514285714
SLC2A5	5.08816428070176	0.0848171	262.185662857143	0	0.460487323809524	0.7728568
AOAH	0	0	199.878553714286	0	11.3208096666667	0.652275342857143
ALOX5	0	0	48.9991008571429	0	8.28966737142857	0.106480942857143
RBM47	0.133455280701754	0	60.9868782857143	0	2.4626708	0.036534257142857
LAIR1	0.103573140350877	0	19.1387652857143	0	0.105527971428571	0.137678
BTK	0.047412	3.32340755	49.9026270714286	0.752588260869565	10.2882627142857	8.71893528571429
LGALS9	1.85656759649123	2.924801	4.27765007142857	0	2.77441975238095	0
CSF3R	0	0	116.690793	0.075741913043478	0.0427492	0.027119628571429
SUSD3	0	0	72.5971828571429	0	0.815336447619048	0
FCER1G	13.112726	0	2203.76289171429	0	37.9675682761905	1.01758885714286
LST1	0	0	0.655589714285714	0	0	0
FCGR2A	0.360752403508772	14.7142182	221.245695928571	0	14.2909986666667	13.5811811428571
MYO1F	1.39940361403509	0	47.2395498571429	0.244657652173913	0.312209933333333	0
WDFY4	0	0	13.7977021428571	0.097469173913044	0.429944780952381	0.014328885714286
PLXDC2	5.67186507017544	2.5707201	90.8620693571429	4.98714026086957	7.33604298095238	11.5778028
ARHGAP15	0.717126140350877	0	363.709388357143	44.3636926956522	5.19448037142857	2.80458854285714
GRN	44.8125549122807	17.2176394	257.419501	30.1544936521739	24.8610774857143	3.9768496
SASH3	0	0	21.0495443571429	0	0.4590656	0
RHBDF2	0.219837403508772	0	30.5178837142857	0.710811782608696	5.44119294285714	0
TRIM38	0	74.52293405	120.6845065	0	0.256610533333333	0.367055428571429
HLA-DPB1	0.44816650877193	0	291.727516785714	7.18874117391304	7.05853116190476	8.73997565714286
FGD2	0	0	27.5707864285714	0.062771826086957	0.848798	0.096484285714286
PLD4	0	0	14.4913827142857	0	0.6372094	0
IRF5	0.133389105263158	0	49.3476795	1.31287117391304	2.76856245714286	0.039477742857143
PTAFR	0	0.3963308	417.747636642857	0.103081826086957	1.37917392380952	0
UCP2	0.129139947368421	4.3735225	255.4856655	0	18.2555647238095	11.9908761428571
ANKRD44	46.4460994736842	21.1206195	585.797564785714	30.7321005217391	88.6946097333333	125.507481771429
CD33	0	0	12.7706305714286	0	0	0
ITGAM	2.77771247368421	0	245.479177714286	0.426344086956522	1.80661505714286	0.075055685714286
TLR7	0.016255157894737	0	583.238242214286	8.08190026086957	0.123880838095238	6.52205505714286
HLA-E	0	0.62646335	0.882529642857143	0	0.022313780952381	0.136038114285714
LILRB1	0	0	84.1707469285714	0	0.915074409523809	0.085438914285714
BIN2	0.036460456140351	0	5.09019021428571	0.098038739130435	0.186050952380952	0.575559
MS4A6A	0	0	54.9231415	0	0.137300876190476	0
SH3TC1	0.015477842105263	0	28.4137709285714	0	0.510162885714286	0
SAMSN1	0.196902824561404	0	1140.56914042857	0	8.55348982857143	0
LTBR	1.77383647368421	2.213122	6.29382764285714	0.071081	0.145286019047619	0.689073114285714
ATP8B4	0.027048438596491	0	45.141291	0.168668826086957	5.87912416190476	0.021911514285714
HCST	52.0923545438596	0	862.976760071429	0	6.75996045714286	0
SIGLEC8	0	0	102.337906428571	0	0.432883961904762	0
SLC1A5	0.361292701754386	62.47186555	84.2632542142857	0	1.10177684761905	0
IL16	0	6.7051949	58.3594965714286	2.90233513043478	5.26313397142857	0.031246685714286
CYTH4	0	0	6.97045457142857	0	2.24809535238095	1.85841754285714
FAM105A	0.144910877192982	95.1994002	672.1541875	4.99584104347826	14.2241106380952	0.193002971428571
HLA-DMA	0.088151771929825	0.36970235	43.371691	0	0	0
ADPGK	7.21092377192982	0.07852095	46.6062147142857	25.2629062608696	14.225066552381	30.4177370857143
LPAR5	0	0	112.503584642857	0	0.336952657142857	0
GMFG	0	33.3144178	224.307713785714	0.468936869565217	4.3841042952381	0
MKNK1	33.3823537719298	33.0903909	197.927546214286	175.723519478261	44.7309630190476	0.850334371428571
HCK	4.94833947368421	10.2377206	68.9469858571428	0	2.29822414285714	0
CD300A	0	0	635.137068071429	0	10.9839973047619	0
SCIN	0	0	768.291434642857	0.306578086956522	2.06972699047619	0.215015714285714
ARHGDIB	0	96.62922095	1692.24265807143	0	2.39112395238095	2.240051
LAT2	0	11.92621915	168.143715357143	9.57288156521739	3.07002079047619	0
MOB1A	30.4083068245614	18.2486725	226.905538	20.6137356521739	3.78682171428571	4.15192757142857
RUNX1	0.162965368421053	17.18165595	162.181196214286	0	0.706332361904762	0.038641542857143
PTPN6	0	6.25277325	423.152684214286	3.17003930434783	3.46057231428571	0
TM6SF1	0.074868859649123	55.2550739	469.179693285714	125.958065608696	103.948968514286	2.83640931428571
ADAP2	0.755018684210526	7.36833865	273.304464928571	2.43891604347826	3.18285361904762	1.09867034285714
SNX29	23.7904609473684	16.7522001	116.054733571429	5.80590069565217	16.8304883904762	34.7619977428571
EBI3	0	0	82.9833411428571	0	19.4787417333333	0
APBB1IP	1.36009064912281	0	315.689216857143	0	5.23987154285714	0
CARD9	0.105037087719298	0	0.344685642857143	0	0.151407447619048	0
FYB	0	0	527.817552714286	0	0.284893580952381	5.90868914285714
DTX2	0.065553894736842	0	27.0982655	8.76754143478261	5.67828632380952	1.30349462857143
CAPG	102.278149210526	0.274565	345.088850928571	0	1.93164781904762	0
MAN2B1	16.1534869649123	3.03963315	31.7720727857143	0.034821130434783	8.20039162857143	8.23258671428571
TLR1	0.066894192982456	0	1112.81059807143	0	5.62348599047619	0.115873657142857
IRF8	0	21.5634033	233.527517357143	0	1.15971337142857	1.08848642857143
NFATC2	0.766304157894737	5.2043177	5.22294035714286	0	0.787960285714286	0
FOLR2	0.089682789473684	0	1881.47135014286	0	3.86791592380952	0.138650971428571
SLC9A9	80.1989481929825	0	241.821629428571	27.9532492608696	44.8190697428571	225.132829971429
NINJ1	71.3285673157895	37.8899779	77.3958702857143	11.9722939565217	11.6918263142857	3.1495156
CASP4	0.017489122807018	17.28402875	42.2125956428571	0	0	0.108877257142857
DEF6	0	0	13.4253019285714	0	0.520159076190476	0
PABPC1	147.905070894737	506.26762605	1247.89010242857	114.856434956522	175.425692619048	149.813680428571
SCAMP2	34.4583185263158	24.3525537	76.6073057857143	4.68907039130435	16.208075752381	18.4217956
SLC50A1	52.5080461052632	46.778247	273.257011857143	27.585883173913	16.492368447619	21.9518952571429
RAC2	0.028216929824561	0	0.488624142857143	0.17618652173913	0.174074161904762	0
IRAK1	26.7058301754386	10.5243707	66.5308702857143	29.1523028695652	5.65474006666667	0.945395342857143
TLR2	0.214289438596491	0	231.461065928571	0.293806260869565	29.9893336285714	0
LYZ	10.815110877193	0.14206445	580.195415285714	0.258100391304348	1.0208722952381	0
DISP1	6.73758605263158	3.9742209	30.0993884285714	5.19174182608696	18.0769558095238	0.391540314285714
HLA-DRB1	0	0	1727.97343185714	0	3.05057422857143	0.319269542857143
ABI3	0	0	8.49516057142857	0	0.016363419047619	0
PIK3R5	0.037279771929825	0	61.1192106428571	0	0.321101095238095	0.056619285714286
PIK3CG	0	0	185.028443642857	0	0.509066342857143	0
GPRIN3	0	0	60.2584795714286	3.29460404347826	18.7461777809524	0
IFNGR1	172.020379122807	1566.89572525	2468.95570271429	49.7121545217391	245.491799638095	432.023697114286
RHOG	21.1944321578947	7.3583033	2206.12108464286	0	3.10323822857143	356.398052428571
CLEC7A	0.302866684210526	0	2180.82183492857	0	1.23694595238095	1.04593794285714
USP15	88.3758093508772	122.27551115	415.662037428571	154.465414913043	135.773414533333	70.7500323714286
SELPLG	0.035209157894737	0	229.779001357143	0.701269956521739	1.76728291428571	0
IL10RA	0	0.70144855	161.963493642857	2.2561552173913	0.134664152380952	0.020608685714286
CREB3L2	35.7465798421053	39.3452627	66.4929772857143	2.84666191304348	5.6460666	34.8904892
HLA-C	38.0021365964912	68.4340276	115.715804785714	7.69136882608696	16.7275670571429	0.866342371428571
SKAP2	17.4351118947368	8.71037715	618.675435357143	105.219478782609	43.1999186285714	18.0041012285714
CX3CR1	0	40.98504475	1472.04621342857	0	11.4003864857143	4.6699394
MS4A4A	0	0	348.257834142857	0.820740608695652	0.527219819047619	0
RNF135	1.91679350877193	9.33260835	144.3933385	5.32839191304348	0.361709419047619	1.98107245714286
STXBP2	0	0	122.260809357143	0.120392608695652	0.083145780952381	0
GIMAP4	0.058633035087719	200.24114825	402.098082142857	0	0.402332971428571	4.82238371428571
ARRDC5	0	0	223.9891635	0	0.206521552380952	0
TMEM39A	125.558565403509	7.72248385	302.210452928571	53.9255506086957	57.9336353047619	31.9493258571429
FGD4	105.128552947368	93.02162215	303.294662357143	32.0822327391304	45.3678637333333	39.4635214
NCKAP1L	0	0	227.762773428571	1.41978813043478	0.577247780952381	0.189452542857143
VSIG4	0	0	2033.22077792857	0	22.380010552381	1.25304554285714
MAP4K1	0.334499228070175	2.0183409	15.6984955	0.185590347826087	4.91084183809524	0.049630942857143
LY86	0	0	414.604749857143	5.67057156521739	25.050843552381	0.938713542857143
TNFSF8	0	0	1403.72616371429	0	4.42998199047619	0
UBA7	29.8587691929825	23.38002515	125.289008857143	0	0.680414171428571	0.099136685714286
ANKRD22	0.095361438596491	0	868.052137142857	69.3017105217391	0.208998038095238	0
TMEM106A	12.3465711578947	5.1068631	40.0176827857143	0	0.9576202	0.059417342857143
SYTL3	64.6443841578947	0	85.5213185714286	4.82241534782609	17.5523543238095	0.151243685714286
TCIRG1	0	6.3652425	50.6765292142857	0	1.19963145714286	0.0402858
MNDA	0	36.5644772	277.403293785714	0	9.94060571428571	1.54593391428571
SAT1	14713.7339868947	9330.5609485	17772.0968042857	1067.76474204348	1459.13219930476	2092.48884382857
DOK3	0	0.23831315	22.630592	0.089036869565217	3.62713620952381	0.036634085714286
ITPR2	471.819030192982	15.18693235	880.373066642857	20.197030826087	23.2581135619048	20.6802754285714
SERPINB1	25.6837240175439	5.05121675	75.9480918571429	37.0248896521739	8.99105012380952	40.8020317714286
GNB4	110.080802035088	59.8770049	628.1203065	89.2697970434783	85.2805050380952	13.5941366285714
ARPC1B	4.77290810526316	2.69371625	59.4246666428571	31.4725192608696	7.68707968571429	0.108238828571429
TMEM176B	138.472888210526	467.00995105	587.587181142857	0	3.92530162857143	14.5880468857143
ABCC4	0.298405385964912	0.7338511	261.439952	0	3.57335578095238	1.1328402
TAL1	0	5.2221023	345.269536214286	0	0.230956847619048	0.103149914285714
ARHGAP25	2.42984384210526	0	495.717513	14.1143437391304	2.30687855238095	0.0414794
CTTNBP2NL	13.2368864210526	161.6317712	529.837112214286	18.9768071304348	25.9248788857143	21.9481660571429
FAM72A	0	1.3472253	2.28928742857143	1.30044034782609	0.505846876190476	0
ZNF812	18.5529434210526	0	465.473293428571	3.65156673913043	0.637637571428571	0.179006514285714
KIAA0247	9.517923	161.15335405	294.819517642857	39.4211935217391	55.9314718666667	62.4172550285714
GAL3ST4	0.338927807017544	0	51.4069004285714	9.86225226086957	3.97512388571429	1.55183105714286
TLR3	7.93590068421053	5.24366165	11.9956725	0	0.915116628571429	0.040126257142857
ADCY7	2.49360112280702	1.3432104	6.76495921428571	0.662630217391304	4.07543443809524	0.297190057142857
HPGDS	0	0	423.104328285714	0.302321782608696	0.62068520952381	0
PILRA	1.6621889122807	30.7021603	307.899332714286	4.53054082608696	9.45376535238095	2.95219851428571
TET2	41.4252255964912	12.80450135	124.899809571429	18.2471433043478	37.715018247619	47.8715832571429
FERMT3	0	7.7046137	10.9175901428571	0.724434826086957	4.51040764761905	0
TNFRSF1A	12.6738707368421	27.51212615	33.6240207857143	3.58476347826087	0.483682752380952	1.27969337142857
LPXN	114.03676545614	109.641891	276.110719785714	45.8141879565217	19.7468906761905	69.4488563714286
MIS18BP1	4.96234247368421	118.6368676	123.517834	11.1476077391304	8.6492452	0.679178571428571
RASAL3	0	0	6.65373871428571	0	0.094158466666667	0
DAPP1	0.026093403508772	0	36.8132207142857	0.400430130434783	0.178696847619048	0
LYN	7.95387235087719	44.42542005	593.707560928571	0	2.55236479047619	0.093331771428571
MTHFD2	3.13992275438596	62.8949323	752.308883	1.64862939130435	14.3691846571429	30.4033145142857
RHOH	0.028774684210526	0	219.667035285714	0	7.09315392380952	0
TFEC	0.105098263157895	0	13.4632701428571	4.63086908695652	0.193928742857143	0.760912828571429
APOBEC3G	0.515160122807018	0.52887215	2.656184	0	1.87955842857143	0.056935914285714
ACPP	0	0	6.33750157142857	0	0.206109228571429	0.128117142857143
CPVL	7.66557761403509	6.7805725	132.7401245	5.47229852173913	5.4066014	0.532686028571429
CLEC9A	0	42.6591547	62.7133627142857	0	0.524592066666667	0.702438714285714
ARHGAP30	1.99513226315789	0	3.07489664285714	0	0.161565123809524	0.0375146
PSMB8	0.042209912280702	0	4.08329357142857	0	0	0
LY96	18.3162401929825	180.7114018	303.602999642857	20.113368	18.4940914	0
PLK3	0	79.6545666	171.204675642857	0.301786173913043	5.74996124761905	5.6903838
PLCB2	0.016145964912281	0	22.1351974285714	0.944615043478261	0.716476171428571	0.045047
BHLHE41	217.648005929825	11.64545175	455.475493357143	64.1191152608696	103.692529647619	120.969918971429
SP140L	0.042985561403509	9.98301075	47.6102168571429	0.124495391304348	1.86101438095238	0
RUNX2	0	0	237.909497214286	4.79620460869565	34.8391989238095	0
MPEG1	0.192257736842105	0	192.844472357143	0.138899869565217	0.152250485714286	0
HLA-DQA1	0	0	0.107939928571429	0	0	0.025412885714286
APOC1	69.2570412631579	0.20357575	266.633419428571	0.608054782608696	7.17112798095238	0
SLC11A1	0.696050807017544	0	43.8629538571429	0	0.745305219047619	0.329771571428571
STK4	10.2655506140351	21.81517955	438.289886571429	113.371379347826	39.7723034857143	41.6028790285714
IER3	0.285993456140351	12.76397595	38.8344172857143	6.69186017391304	1.09651898095238	0
TSPO	22.6555052280702	53.3136052	112.359095214286	0	8.77968833333333	82.8831086571429
TMEM156	0.763525298245614	12.9018652	132.855860071429	0.451731086956522	1.26749265714286	0
CD69	0	0	655.534429928571	0.225353565217391	3.05807253333333	0
GLIPR1	4.78006278947368	9.82837155	201.961994571429	41.2512549565217	41.7233381142857	9.17560168571429
NLRP3	0.047368263157895	0	513.722963571429	14.8549416086957	23.9972486	0
SIPA1	2.49287971929825	0	28.4527545	0	0.014169971428571	0.747089542857143
NPC2	195.307238	255.9319239	604.619730285714	19.3659270434783	32.3353640857143	124.451691085714
BACH1	9.89480596491228	144.2032245	479.687294214286	76.9074002608696	30.1502982380952	71.9844457428571
CMTM7	5.01760235087719	0	37.37873	0	0.806523028571429	1.31605142857143
LHFPL2	8.99418821052632	5.3913478	562.393800571429	4.51857930434783	3.6550974952381	0.740620942857143
MYO7A	0.014491561403509	0	11.3273898571429	10.4658990869565	0.724703447619048	0.022252342857143
DENND3	4.62931345614035	33.22478315	35.036589	7.27870730434783	2.04802102857143	0
MGAT4A	19.9900284561404	18.5821895	120.328871928571	51.5701213478261	68.2866631619048	5.78849057142857
HK2	0.40565150877193	11.9610802	36.802206	0.180509130434783	0.534620876190476	19.2484081714286
TPP1	466.293879964912	141.31860835	497.094399142857	288.985247826087	31.9892306285714	91.7432185714286
VAMP8	0	50.1498872	460.0908125	0	2.03318907619048	0.396345714285714
CMTM3	0.641682385964912	83.16732515	190.653422785714	0	1.47841808571429	1.1803022
CPM	40.5306715087719	171.89552165	544.846206785714	9.78755908695652	8.33228556190476	110.319128228571
CISH	0	0	0.242974571428571	0	0.086219828571429	0
PLAUR	4.33881647368421	125.5135401	287.666671642857	0	7.81677353333333	1.98804645714286
EHD4	10.0648578070175	47.5292633	55.9322773571429	0	5.9105990952381	0
SORL1	155.808319894737	1.05198675	365.545268714286	153.736806521739	51.3158416095238	25.7408496857143
SLC25A37	133.478838122807	22.11353775	192.728592785714	81.1747983913043	51.7637441142857	29.8748350571429
DENND1C	0	0	106.918348	1.26985060869565	0.090887390476191	0
FBP1	0	0	123.610995285714	3.72388043478261	0.840817857142857	0
IKZF1	0	0	108.557965071429	0	0.149903952380952	0
TMX1	316.052681666667	342.07503905	466.329847642857	24.4547417391304	146.663522257143	143.863085771429
PQLC3	71.190446631579	12.7541193	85.1716080714286	0.668722913043478	73.8000526285714	31.4683540857143
ENO3	55.2108764561403	34.3662888	92.8856170714286	0	0.232108028571429	2.28037845714286
RREB1	14.9506186842105	2.8363611	16.6000936428571	0.035759434782609	0.593304876190476	0.024643
SPTLC2	24.1953836842105	6.7224964	464.937537428571	20.9142150434783	15.0124421809524	175.0133034
SPNS3	0	0	1.9628395	0	0.371087857142857	0.068255
P2RX4	1.20791073684211	2.14930205	465.062174142857	11.518506826087	8.26763064761905	7.34940817142857
ADPRH	3.0111349122807	19.8989474	27.2350932857143	0	0.437229704761905	0.921414628571429
PLVAP	0.394129859649123	0	41.6971523571429	0	2.71269687619048	0
TMEM71	0	64.5897117	418.257239785714	0.145720391304348	2.84804006666667	0.089881114285714
EMB	0	0	259.319436	15.1036424782609	13.3700197428571	0.033595742857143
HIST2H2BF	22.7634562982456	34.36874405	35.9721416428571	9.09876708695652	4.15353347619048	1.08505568571429
FPR1	0	0	503.517639714286	1.2743042173913	13.1857582666667	0
ARAP1	44.1841230701754	0.89191545	56.5412405714286	16.5612607826087	9.3683017047619	8.12195914285714
CNPY3	251.997268842105	26.4265059	527.3959195	73.1737396956522	58.481175247619	8.89988745714286
POU2F2	0	0	34.4478375	3.18540656521739	5.90949559047619	3.56109777142857
DHRS3	311.473863087719	39.9640666	542.423892357143	0	13.3394815428571	0.075242057142857
PAG1	29.3132033859649	204.04497835	278.885151428571	50.277588826087	16.6959941238095	50.6851652285714
EMR2	0.269650719298246	3.22389905	133.569497428571	1.21917039130435	10.8753775142857	25.1056507428571
TYMP	0.039827578947368	0	0.225210857142857	0	0.086095371428571	0
TRIM14	1.25952710526316	0	29.2243667857143	4.03312334782609	5.82014597142857	0
RIN3	0	0	1.02689442857143	0	0.671969228571429	0
TGFBR1	54.5696764736842	126.26140895	611.640945714286	17.3888243478261	40.9350060666667	124.403479485714
IL4I1	0	0	57.3421432142857	0	3.62822580952381	0
NFKBIZ	83.4504873684211	554.08899455	747.145903142857	21.6103759565217	13.8750144285714	115.692411628571
PIK3AP1	0	0.98460325	207.019255071429	0.078586043478261	0.212324285714286	0
CASS4	0.053888350877193	0.4220748	54.9663230714286	0	0.070649076190476	0.536174514285714
CORO1A	0.028606438596491	5.34778275	40.160505	12.20817	6.90874240952381	0.9095384
RIN2	854.864884087719	485.6765772	3448.00293114286	26.5768666086956	217.389230457143	247.564889628571
MYO9B	1.8045771754386	5.65272745	53.0717272857143	4.66400526086957	7.77786461904762	33.3250568
PTPRE	35.0325873859649	15.86783355	622.472512214286	59.5818342608696	163.289285447619	51.4899930857143
AKNA	0.706269894736842	0.0406593	56.6930634285714	2.02064173913043	4.02463438095238	2.99790534285714
CLECL1	0	0	1777.56535257143	0	0	0.622284828571429
CASP10	0	17.6221575	57.9971837857143	0	0.44577179047619	0
PTPRJ	20.9349595789474	5.20293435	68.7823643571429	27.8480013913043	18.2753912571429	37.5550170285714
GLDN	28.9361124736842	110.5067603	2498.91665235714	122.640114347826	46.2582753904762	1105.18747817143
KBTBD12	2.21705866666667	0	14.1120713571429	7.7349227826087	6.86905078095238	1.18499577142857
CASP1	2.01159784210526	24.8298811	344.620454642857	0	0.410417076190476	2.95182788571429
SHMT1	7.21626885964912	23.99299075	41.1798534285714	0	25.5841471428571	8.80656971428571
ACY3	0	0	103.165563571429	0	7.45537711428571	0
NPL	91.3416938947368	3.2162358	323.653683714286	6.44793986956522	16.1885154380952	34.633164
ABCB4	0.022939684210526	1.93937605	66.5948997857143	0.552569391304348	2.79812712380952	0.0317562
MB21D1	0	0	80.6164801428572	0	0	0
RAB20	0.06611601754386	0	16.1791282857143	0	0.407596133333333	0
ZNF562	127.549848438596	6.06015425	281.649459214286	56.737336173913	61.3616582857143	84.3263108857143
WNT5A	3.52460485964912	0	81.2365251428571	1.57345591304348	64.2660055714286	0.942711142857143
MAML3	0.397130157894737	0.8911868	43.637726	1.33879443478261	8.54787363809524	1.21655551428571
PIGO	11.0378897192982	0.63755655	97.3824751428571	30.4742655217391	7.67613279047619	45.0852245714286
HAMP	0	0	45.5330679285714	1.22786808695652	0.043398190476191	0
SOAT1	39.2072713508772	55.5210144	698.4802375	24.773357826087	34.4928829714286	11.1230960857143
CLEC2B	0	322.71824065	436.5250855	0	8.666604	0
HAUS8	1.8777831754386	0.1023466	26.0487910714286	3.16736343478261	7.20497817142857	2.07083697142857
LCP2	0.022854561403509	0.7831333	354.950078785714	0	32.3978338285714	0.023489428571429
N4BP2	14.1393223508772	10.02679645	134.723810928571	57.7849022608696	113.057212571429	1.25508494285714
FMN1	0.013431421052632	0	28.1285671428571	6.1565442173913	6.49942568571429	0.035446028571429
TREML1	0	0	10.0110290714286	0	0.346355876190476	0
CYBA	0	0	11.5864238571429	0	0.34058579047619	0
BATF3	0	0	183.665330928571	10.4553909130435	0.191214580952381	0
IRAK3	0.572610192982456	83.37186155	257.922686571429	0.768280173913043	3.56500717142857	0.039222542857143
LAP3	275.884457754386	336.61511845	411.961491142857	69.7231011304348	61.7477941428571	274.747096857143
FAM46A	40.5670820701754	294.2156781	1024.45719078571	9.01028460869565	92.1317020857143	5.18988337142857
ADAMTSL4	0.769247333333333	21.04873745	60.8474662142857	0	0.103478019047619	8.83596345714286
MAFB	22.8787709298246	47.23611895	700.4410165	33.3358296086957	106.986406095238	5.99807068571429
PDPN	13.4236526666667	0	332.9981255	12.4686869130435	27.9328030857143	0
STK10	0.221912438596491	27.0307492	121.3201475	1.17027152173913	6.37512861904762	1.56696562857143
RAB39A	0	0	219.632775857143	0	3.07495688571429	0
VMP1	67.6719250701754	702.13915995	1047.984591	92.6477087826087	179.142493514286	112.148204457143
POGLUT1	121.210073052632	37.4687489	235.013050785714	117.471568434783	131.027818495238	153.0211058
BNIP2	37.7716001754386	76.67677	375.796715642857	6.64295160869565	20.0743299904762	48.3368829142857
PGM2	56.443954245614	62.92410365	155.236981214286	20.7266646956522	29.1027098380952	0.153313942857143
MR1	43.2942412280702	12.691869	92.5774465714286	0.201127217391304	2.47813338095238	0.022948542857143
KCNN4	0	0	15.2525307857143	0	2.93387996190476	0.041016857142857
ZNF90	0	0	0.447099928571429	0.379532695652174	0.264812514285714	0.112515885714286
TEFM	20.7931340526316	136.1384617	206.600154214286	40.4496189130435	53.703817552381	81.2790366571429
SFMBT2	69.2225991578947	12.03508395	167.487182357143	79.506102826087	14.3660370761905	7.19651471428571
MS4A14	0	0	772.644739	0	0.724530038095238	0
EML4	142.451174333333	289.95213055	351.471543571429	69.6224220869565	80.2622811238095	47.2674751428571
GIMAP2	1.71840642105263	0	27.8103174285714	0	0.54748100952381	0
CD300C	0	0	482.5404865	8.81407473913043	9.85997925714286	0
PRDM1	3.69795766666667	211.63328365	339.525296285714	4.581066	32.4290694761905	0.064183771428571
CHCHD7	2.56513763157895	22.7007908	263.025167642857	11.8970892608696	30.0969763047619	4.98416508571429
PTBP3	40.3596280526316	27.12690105	104.933921071429	58.0599287826087	64.8544430666667	8.28890785714286
SLC2A9	0.519793807017544	2.90493005	39.8128547857143	1.1810892173913	0.620502790476191	0.034549457142857
RCBTB2	61.8874841929825	2.4760389	538.035906714286	128.440668217391	28.968484352381	85.2395186571429
VENTX	0.039225245614035	0	9.30823642857143	0	0.467334638095238	0.7861294
LIPA	172.75382277193	74.55350585	1718.81686357143	69.7041627826087	26.8838094952381	937.924035142857
RPS19	74.9073801052632	395.463118	771.326262285714	121.513715043478	160.591807009524	119.405517828571
CH25H	67.4350820526316	1414.5361254	4973.81893771429	83.0951520434783	9.98455679047619	6.8529116
CYSLTR1	0	50.13564175	54.1363393571429	0	1.38445559047619	0.114413857142857
DOCK11	17.4805344561404	28.16955275	108.200882928571	15.5949013043478	103.893847990476	25.0459184857143
PTPN7	2.47292777192982	0	4.00480078571429	0	0.711563657142857	0
CYTIP	0	0	79.7541917142857	0	0.227981657142857	0
CD274	1.43320961403509	10.8736538	31.6841905714286	0.43742	9.89722854285714	0.8571274
SH2B3	42.2219784210526	9.9981977	1295.92869028571	56.6160004347826	28.4040138666667	35.8238057714286
FCAR	0	0.4855907	38.7121695714286	0.265288086956522	0.7814808	0.800033085714286
ACCS	12.054296754386	0	13.6446105	0.076571304347826	2.2632638952381	5.0696436
FPR3	0	1.03991525	43.7573077857143	0.230231347826087	0.194356266666667	0
HLA-DRB5	0	0	5.21244478571429	0	0.052685314285714	0
MED12L	74.3032957368421	0.25638335	279.567896214286	30.6399488695652	40.5271318761905	3.89064362857143
GDAP2	53.8991875263158	9.447292	131.902939928571	35.4510976956522	22.0241797047619	46.6517721714286
FAM175A	10.0538521578947	1.1425562	209.288861285714	9.45557565217391	15.0268212	14.9606126285714
GIMAP8	0.027073754385965	24.4888742	185.430335357143	0	0.316029476190476	0
PSTPIP2	1.4620641754386	0.86688715	8.13988364285714	0	0.590300447619048	0
TNFRSF12A	1.89518029824561	30.74991625	117.790936071429	0	0	0.263514371428571
FHOD1	1.39693619298246	0.4167875	17.9695046428571	1.68488552173913	0.285742638095238	0.156232771428571
RAB33B	64.1625482807018	36.73898275	252.753478785714	190.15288	99.7766024571429	153.046227428571
PTGER4	0.373790877192982	0	69.7147504285714	0	3.42632883809524	0.358055028571429
MYC	21.3624966491228	37.60040775	453.604255428571	21.587728173913	15.3135298095238	0
FGR	0.032149771929825	2.86558755	206.474251857143	0	0.729236180952381	0
C5AR1	0.301019298245614	0.38379105	210.839271571429	14.2735629130435	10.749040047619	0
ZC3H12A	0.641732192982456	13.51040525	19.069595	0.204748565217391	0.456539476190476	1.20610368571429
CLEC4A	123.216659666667	105.5392482	927.038712928571	0.481649608695652	176.079078657143	9.1936348
ID2	1472.04618945614	704.1064191	2208.29111535714	1288.05780108696	482.430134828571	148.0780276
TNFRSF10B	1.92564873684211	253.759237	358.757468214286	0.123730391304348	7.11900055238095	0
LMO1	0.791903122807018	0	49.869997	1.17868686956522	2.67130979047619	6.76206834285714
PGM5	0	21.9361143	74.9837894285714	0	0.127533723809524	0
CD55	10.3171797192982	191.64228675	535.688870928571	24.5149249130435	61.6605546952381	204.234608057143
OSCAR	0.492357859649123	0	12.6858436428571	1.75685447826087	0.675965619047619	0.094824142857143
RAD51B	6.83306215789474	1.1261314	12.2929464285714	0.031149565217391	6.94289674285714	3.72300162857143
VMO1	1.48200238596491	0	698.977079857143	0	26.1898181714286	0
P4HA1	230.522065210526	381.52889095	388.134317	103.015960434783	58.9019099809524	112.179547685714
ZNF490	55.54038	25.61117185	450.491561142857	40.9615858695652	42.6671344380952	28.5162252285714
CDK6	2.68805671929825	6.3034086	148.424380071429	5.54581708695652	12.3007320095238	105.528256228571
AGPAT9	0	0	382.921896	40.7312460869565	6.6739766952381	0.342130942857143
HSPA1A	2.79291638596491	3.2191733	10.6669497142857	3.61711769565217	5.03105691428571	3.03490994285714
ACSL1	35.8022953859649	23.95269585	965.0790615	59.128597173913	31.1848692857143	260.789883057143
PIM1	8.76783231578947	27.6173943	118.362597857143	89.7366766956522	33.0471984761905	1.58383417142857
NFKBID	6.61017471929825	5.35827485	35.0213307142857	3.71875734782609	5.07826395238095	0
GNLY	0	5.5672327	19.0714451428571	0	1.75043018095238	0
EIF4EBP1	1.67615071929825	0	94.8979037142857	0	12.509537447619	0
RNF144B	206.73601622807	157.3625633	557.224367714286	0.339878695652174	63.5955591047619	0.049542571428571
PSMG2	354.086712017544	6.22729755	765.048971285714	190.914604695652	176.929191609524	150.215681142857
ZNF85	51.5652948596491	0	466.466487857143	6.8124787826087	43.2348185904762	0.039461742857143
